BRON:
KONINKLIJK NEDERLANDS METEOROLOGISCH INSTITUUT (KNMI)

SOURCE:
ROYAL NETHERLANDS METEOROLOGICAL INSTITUTE (KNMI)

# Central Netherlands Temperature v6
# mean of De Bilt, Winterswijk/Hupsel, Oudenbosch/Gilze-Rijen, Gemert/Volkel, Deelen, Eindhoven
# breaks have been corrected to modern observations.
# CNT [Celsius]

YEAR,       Jan,          Feb,          Mar,          Apr,          May,          Jun,          Jul,          Aug,          Sep,          Oct,          Nov,          Dec    
 1906   3.32429       2.29741       3.78348       7.65619      12.42970      14.19980      16.74960      16.91690      13.29470      11.69020       7.56198      -0.21912
 1907   1.51254       0.40494       4.58511       7.41965      12.51660      13.55310      13.86190      15.46200      13.72270      11.26630       5.63488       3.13986
 1908  -1.24001       3.30636       3.43674       5.86811      12.98660      16.24550      16.60960      15.00950      13.36250       9.81094       4.28813       1.02190
 1909   0.55002       0.29838       2.95708       8.53574      11.30260      12.95620      14.53150      16.24490      12.97220      10.97730       3.93653       3.07201
 1910   3.27844       4.02948       5.25129       7.83671      12.45970      16.02780      15.11300      16.13270      13.28610      10.39700       3.35544       5.40469
 1911   0.83250       3.28808       5.15727       7.28200      13.68460      14.50020      18.61320      19.49310      14.59750       9.30932       5.79835       5.29657
 1912   1.81882       4.17400       7.37052       8.47697      11.80700      15.05840      18.29720      13.94220      10.38810       7.78942       5.08626       5.36394
 1913   2.38143       3.26760       6.93263       8.67877      12.54470      14.09330      14.51990      15.05820      13.65200      10.94450       8.33183       3.67049
 1914  -0.57258       5.76191       5.91797      10.17810      11.38490      14.09070      17.60870      17.32030      13.47590       9.71576       4.94341       4.93108
 1915   2.82003       3.01051       3.84782       7.43653      12.51300      15.91390      15.60480      15.57420      13.04730       7.55716       2.62615       5.15974
 1916   5.66458       2.60095       4.35429       8.71166      13.22890      11.99210      15.24200      16.22490      13.15290      10.13320       5.81606       2.60178
 1917  -0.99071      -1.83980       1.80657       4.51595      14.93060      17.92700      16.66960      16.19180      14.61100       7.76656       7.08580      -0.33860
 1918   2.80593       3.98345       4.62320       8.12692      13.99960      13.19610      16.03750      15.92550      13.07990       9.24344       4.24621       5.85844
 1919   1.92741       0.51401       4.04450       6.21955      13.65350      14.47850      13.81740      16.20130      14.61630       6.77677       1.72945       3.59097
 1920   4.03357       5.31222       7.37162       9.29134      13.02350      15.50000      16.26350      14.27050      13.25770       8.34075       3.10653       2.14107
 1921   5.98585       2.94406       6.65341       8.58148      13.37330      14.56080      18.26850      16.86480      14.20000      12.84670       1.04494       2.97892
 1922   0.19717       1.51087       4.12133       5.85327      13.68690      15.03730      15.06130      15.02600      12.32300       6.03644       4.69301       4.47645
 1923   3.71882       3.11626       6.49118       7.52757      10.23510      11.24220      18.66470      15.56300      12.92200      10.72300       3.03109       0.34139
 1924   0.19417       0.08745       3.22475       6.49353      13.40270      14.77300      16.08340      14.21610      13.88500      10.39340       4.84149       3.81859
 1925   3.72226       4.65310       3.31912       8.01283      13.65090      14.98120      18.02870      16.20720      11.46060       9.72353       2.60774       1.55354
 1926   2.06519       6.39402       5.69349       9.79713      10.43790      13.49030      17.49900      16.34180      15.36540       8.01009       6.82264       2.48993
 1927   3.72006       2.70922       6.50544       7.66809      11.18770      13.04770      16.75230      16.56670      13.91680      10.20790       4.09189      -1.32012
 1928   3.53735       4.57216       4.51659       8.10405      10.64810      13.76670      17.36780      15.98190      12.62980       9.61707       7.32763       2.06127
 1929  -1.69359      -5.61572       3.94241       5.33335      12.83740      13.66160      16.96630      16.46570      16.10370       9.96330       6.11520       5.16525
 1930   4.79902       1.41020       5.01936       8.73348      11.56470      17.53820      15.89790      16.32370      13.80680      10.13450       7.12128       2.22584
 1931   2.37340       0.96165       2.40905       7.07778      13.69030      15.37810      16.46330      15.55020      11.46070       8.70432       6.72685       2.71143
 1932   4.01440       1.07963       2.98488       6.97791      12.11200      14.84960      17.29810      18.92590      14.72460       9.24233       5.30159       3.43508
 1933   0.03878       2.52778       6.81231       8.49137      11.81100      15.13700      18.03050      17.54920      14.66520       9.81276       3.75684      -2.57417
 1934   2.11188       3.04762       4.70104      10.38650      12.14230      15.71190      17.52660      16.31930      16.06660      11.14850       5.25741       7.13836
 1935   2.47029       4.09837       5.03396       7.80497      10.91630      16.37930      17.66870      17.08290      14.14050       9.58103       7.09615       2.42685
 1936   4.68323       1.94228       6.55930       5.93593      12.74200      16.31250      16.30670      16.92880      13.98030       8.39097       5.05689       3.14567
 1937   2.70293       4.64431       3.33560       8.68106      14.05550      15.52830      16.63990      17.11900      13.48920      10.96540       4.51130       1.39335
 1938   3.85506       2.99041       7.75917       6.52202      11.01260      15.51480      16.18520      17.85200      15.08980       9.58425       8.64121       0.22362
 1939   4.32654       3.57579       4.31886       9.19382      11.81570      16.16140      16.87480      17.65910      14.87200       7.55306       7.36145       0.84227
 1940  -6.21376      -1.31715       5.16328       8.86718      13.12460      16.30970      15.66800      15.19930      12.81950       8.76075       6.64772       0.30996
 1941  -2.69026       1.60462       4.76716       6.74148       9.59544      16.43380      18.88830      14.71210      14.21090       9.38876       4.11729       4.27926
 1942  -5.21442      -4.37481       2.97186       8.96078      11.93000      14.44870      15.67470      17.81040      14.71400      11.71240       5.30970       4.26001
 1943   2.69093       4.21361       6.42704      10.33170      13.21050      14.13770      17.17400      16.77890      13.46120      10.59740       4.62828       1.28995
 1944   5.07096       1.30354       3.18657       9.44687      11.47800      13.75100      16.58140      19.23600      13.08680       9.38956       6.19049       2.50425
 1945  -1.90046       6.03545       7.42691       9.58950      13.51100      15.91420      17.75010      16.07870      14.46160      11.32450       4.71993       3.22694
 1946   0.10715       4.31922       4.30692      10.26460      12.74390      13.80080      17.30910      15.59150      14.51630       9.11348       6.36300      -0.25683
 1947  -1.41444      -5.40897       3.42726       9.11559      15.02110      17.35980      18.84790      19.84300      16.95440       9.40407       6.82524       3.89457
 1948   5.08817       2.68360       6.88325       9.97322      12.83870      15.11310      16.36010      16.39130      14.38330       9.61804       5.04548       3.60145
 1949   3.66385       3.87198       3.87971      10.40170      11.36840      14.20550      17.45140      17.16860      17.24800      11.48170       5.05591       4.18744
 1950   1.06493       5.60660       6.39738       7.45705      12.84980      17.42770      17.40760      17.37050      13.26890       9.09675       5.75827      -1.45443
 1951   3.94060       3.71155       3.75374       7.11749      11.89030      15.20150      16.92120      16.63100      15.35640       8.50954       8.23362       4.11266
 1952   2.22190       2.14225       4.80559      10.69640      13.26520      15.09970      17.40130      17.20590      11.19920       8.16502       2.77387       1.35065
 1953   0.91557       2.06311       4.80299       8.72463      13.33990      15.73310      16.87830      16.70290      13.98880      11.45320       6.90504       5.17220
 1954  -0.38192      -0.26963       5.94804       6.74488      12.83680      15.12360      14.26160      15.76850      13.54190      11.70950       6.61867       5.30777
 1955   0.14246      -0.17604       1.87052       8.55232       9.97931      14.64220      17.71590      17.91600      14.40030       9.09453       6.04309       4.52036
 1956   1.96989      -7.01659       5.41443       5.73274      12.66330      12.88360      16.46850      14.19210      14.75780       9.59725       4.78612       5.31770
 1957   3.26393       5.20168       8.37366       8.45077      10.32670      16.60720      17.76630      15.65630      12.76720      10.59720       6.20534       2.65810
 1958   2.08109       3.72569       2.25895       6.35789      12.64530      14.87090      16.81850      17.45780      15.92090      10.88440       5.15067       4.61546
 1959   1.58722       0.79626       7.15272      10.02630      13.47590      16.32450      19.07070      17.98740      15.71000      11.21290       5.26484       4.39423
 1960   2.41451       3.21652       5.84647       9.01188      13.28050      16.33350      15.33770      15.87010      13.55300      10.65820       7.45413       3.00513
 1961   1.85575       6.23734       7.10077      10.75640      11.02470      15.57410      15.50450      16.07670      17.03160      11.42030       4.80102       1.77436
 1962   3.46344       2.53893       1.96465       8.14727       9.94952      13.97980      14.82150      15.41560      12.92760      10.36270       4.13485      -0.65423
 1963  -5.46131      -3.37862       4.76658       9.16250      11.14670      15.78870      16.66630      15.37010      14.00170       9.50668       8.39240      -1.26785
 1964   0.30331       3.54356       2.77298       8.91505      14.47640      15.62260      17.24930      16.36120      14.41770       7.94842       6.22574       2.29733
 1965   2.57312       1.58238       4.41406       7.60094      12.01400      15.02740      14.76030      15.47460      13.00380       9.96631       2.66763       4.31270
 1966   0.13845       4.70291       4.96774       8.72322      13.21620      16.87130      15.52460      15.90400      13.92410      11.20220       4.14261       4.17218
 1967   3.07324       4.95620       6.55030       7.32139      12.74590      14.59790      18.46450      16.51440      14.16060      11.60250       4.86006       2.75100
 1968   1.65348       1.40810       6.04687       9.61472      11.03860      15.49500      16.30900      16.95880      14.42920      11.75330       4.97061      -0.08764
 1969   4.27365      -0.28186       2.48490       7.98071      12.99410      15.21000      18.21660      17.50700      14.73280      12.44350       6.25060      -1.70529
 1970   0.74798       0.87491       2.69438       5.99765      13.13480      17.69740      15.87570      17.11910      14.40280      10.52790       7.43099       2.13200
 1971   2.30061       3.57029       2.51417       8.23126      14.07400      14.08610      17.58240      17.23980      12.91520      10.14180       5.03943       5.17544
 1972   0.60061       3.75362       6.31417       7.61460      11.85730      13.66940      17.29910      15.60640      11.61520       8.75842       5.75610       3.39211
 1973   2.66728       2.63695       5.11417       6.04793      12.30730      16.38600      17.13240      18.00640      14.66520       8.77509       5.15610       2.57544
 1974   5.28395       4.45362       5.64750       9.08126      11.65730      14.90270      15.38240      16.50640      12.83190       6.79176       6.43943       7.04211
 1975   6.28395       3.23695       4.59750       7.46460      11.22400      15.18600      17.91580      19.68980      15.26520       8.50842       5.05610       2.89211
 1976   3.77763       2.90158       3.04786       7.44740      13.55150      18.20580      19.44620      17.96950      13.79770      11.14410       6.49357       1.01536
 1977   2.62763       4.76825       7.11452       6.43074      11.91810      14.62240      16.82950      15.95280      12.99770      11.37740       6.49357       4.74869
 1978   2.81096       0.91824       6.24786       7.04740      12.26810      14.85580      15.31280      15.10280      13.38100      10.61080       5.89357       1.83203
 1979  -3.47237      -1.11509       4.68119       7.74740      11.86810      15.22240      15.91280      15.40280      13.43100      10.76080       5.36024       5.26536
 1980   0.07763       4.83491       4.68119       7.76407      12.05150      14.85580      15.69620      17.11950      15.14770       9.07743       4.54357       3.18203
 1981   2.07763       1.25158       8.28119       8.43074      13.50150      14.73910      16.44620      16.61950      14.58100       8.49410       6.24357      -0.40131
 1982   0.87763       2.78491       5.19786       7.74740      12.90150      16.43910      18.86280      17.10280      15.96430      11.07740       7.94357       3.21536
 1983   5.84429       0.53491       5.54786       8.71407      10.88480      16.53910      20.36280      18.23620      14.08100      10.21080       5.86024       3.53203
 1984   3.16096       1.91825       3.71452       7.83074      10.51120      13.70670      15.92800      17.80390      13.25360      11.39160       7.97076       4.05597
 1985  -3.47568      -1.03901       3.98082       8.50243      13.34460      13.60670      17.24470      15.67050      14.03700      10.04160       2.40409       5.52264
 1986   2.22432      -3.80568       4.23082       6.15243      13.52790      16.45670      16.99470      15.48720      11.15360      11.32500       7.63742       4.57264
 1987  -3.29234       1.94432       2.18082      10.83580      10.16120      13.92330      16.81140      15.97050      14.82030      10.74160       6.45409       4.00597
 1988   5.75466       4.20772       4.83791       8.73394      14.41910      14.82820      15.93430      16.61530      13.72210      10.71470       5.76243       6.61642
 1989   4.18799       5.02439       8.20458       7.03394      14.71910      15.67820      17.96760      17.19860      15.30540      12.14810       5.12910       4.66642
 1990   5.35466       7.40772       8.17124       8.55060      14.06910      15.06150      16.73430      18.49860      12.63870      11.88140       5.76243       3.58309
 1991   2.90903      -1.06367       8.52553       8.22680       9.99437      12.81230      18.92780      18.03680      15.22470      10.03080       5.22697       3.46527
 1992   2.27570       4.63633       6.70887       8.52680      15.54440      17.02900      18.22780      17.93680      14.52470       7.61410       7.64363       3.51527
 1993   4.86667       1.80000       5.63333      11.23330      14.58330      16.13330      16.23330      15.03330      12.91670       8.90000       2.15000       5.00000
 1994   4.85000       1.38333       7.31667       8.31667      12.46670      15.40000      21.50000      17.78330      13.48330       9.21667       9.76667       5.11667
 1995   3.43333       6.45000       5.11667       9.08333      12.85000      14.73330      20.31670      19.61670      13.96670      12.66670       6.25000      -0.78333
 1996  -0.18333       0.35000       2.96667       9.30000      10.78330      15.78330      16.33330      17.26670      12.31670      10.36670       5.43333       0.15000
 1997  -1.53333       6.16667       7.90000       7.56667      12.76670      15.93330      17.26670      20.43330      14.03330       9.48333       6.25000       4.61667
 1998   4.33333       5.88333       7.21667       9.18333      14.90000      15.76670      16.20000      16.53330      14.88330       9.58333       3.35000       4.08333
 1999   4.96667       2.78333       7.06667       9.78333      14.08330      15.01670      19.10000      17.36670      17.53330      10.41670       6.15000       4.31667
 2000   3.96667       5.55000       6.63333      10.11670      14.88330      16.21670      15.35000      17.40000      15.63330      11.13330       7.65000       4.86667
 2001   2.50000       4.33333       5.08333       8.18333      14.48330      15.11670      18.58330      18.58330      13.15000      14.10000       6.41667       2.40000
 2002   4.06667       6.90000       6.90000       9.16667      13.45000      16.73330      17.55000      18.60000      14.45000       9.48333       7.75000       2.90000
 2003   2.18333       1.56667       7.40000       9.86667      13.50000      18.35000      18.91670      19.45000      14.36670       7.28333       7.88333       3.78333
 2004   3.23333       4.46667       5.71667      10.45000      12.20000      15.63330      16.81670      18.91670      15.20000      11.25000       5.80000       2.71667
 2005   4.72366       2.01131       6.51613      10.33333      12.78656      17.05722      17.87366      16.00484      15.66667      13.23978       6.33833       3.56075    
 2006   1.00430       2.36012       3.82204       8.74500      14.44140      16.86667      22.58656      16.01344      17.82167      13.65054       8.86611       6.12204    
 2007   6.64731       5.84107       7.61828      12.96167      14.21828      17.49667      16.95591      16.94839      13.59333       9.78763       6.38111       3.46882    
 2008   6.14785       4.88276       5.66720       8.63389      15.59462      16.39056      17.89462      17.30000      13.36111       9.74516       6.47833       2.05753    
 2009   0.05269       2.99881       5.93065      12.36389      14.03763      15.68056      18.05000      18.48333      14.85778      10.32957       9.35722       1.93817    
 2010  -0.82312       1.40000       6.16882       9.54611      10.48763      16.89111      20.28710      16.73118      13.33444      10.05484       5.68889      -1.71720    
 2011   3.13495       4.43512       6.05645      13.02111      14.28226      16.40056      15.90484      17.04140      15.71889      11.21398       6.96722       5.91129    
 2012   4.46559       0.36724       8.17097       8.31944      14.53333      14.95000      17.19839      18.59247      13.84389      10.24140       6.64111       4.65538    
 2013   1.78495       1.26607       2.16452       8.28222      11.55215      15.62833      19.42527      18.16667      14.29889      12.08441       6.34722       5.60376    
 2014   5.40054       6.36905       8.32527      12.04556      13.17419      16.11667      19.63065      15.87312      15.69167      13.27043       8.07111       4.32419    
 2015   3.52419       2.96488       5.89946       9.00889      12.40806      15.89389      18.58817      18.79032      13.31944       9.72957       9.57056       9.37688    
 2016   4.44624       4.28678       5.12903       8.56889      14.58548      17.06056      18.43387      17.90591      17.33611       9.65215       5.34246       4.35161    
 2017   0.93280       5.11369       8.66613       8.28889      15.28172      18.50444      18.15753      17.44677      13.71833      13.04624       6.70667       4.59247    
 2018   5.44355       0.18690       4.65645      12.45889      16.71935      17.79889      21.43602    
